l | m | n | amplitude
---------------------
2 2 0 10000
2 2 1 100
2 2 2 50
2 1 0 3000
2 1 1 30
2 1 2 15
2 0 0 5
2 0 1 3
2 0 2 1
2 -1 0 300
2 -1 1 30
2 -1 2 15
2 -2 0 2
2 -2 1 1
2 -2 2 1
2 -2 2 3330
3 3 0 30
3 3 1 10
3 3 2 1
3 2 0 3
3 2 1 1
3 2 2 1
3 1 0 1
3 1 1 1
3 1 2 1
3 0 0 1
3 0 1 1
3 0 2 1
3 -1 0 1
3 -1 1 1
3 -1 2 5
3 -2 0 3
3 -2 1 1
3 -2 2 333
3 -3 0 3
3 -3 1 2
3 -3 2 1200
4 4 0 12
4 4 1 6
4 4 2 1
4 3 0 1
4 3 1 1
4 3 2 1
4 2 0 1
4 2 1 1
4 2 2 1
4 1 0 1
4 1 1 1
4 1 2 1
4 0 0 1
4 0 1 1
4 0 2 1
4 -1 0 1
4 -1 1 1
4 -1 2 1
4 -2 0 1
4 -2 1 1
4 -2 2 1
4 -3 0 1
4 -3 1 1
4 -3 2 12
4 -4 0 1.2
4 -4 1 3
4 -4 2 1 
